562.0865478515625 1575.056884765625
5751.4013671875 4267.237060546875
5749.702880859375 4020.0108642578125
3209.4520263671875 4059.823974609375
4583.252685546875 4293.47265625
2696.464599609375 623.7550048828125
5988.498046875 4267.089599609375
5985.7998046875 4013.667236328125
4360.35302734375 4295.15576171875
5518.2099609375 4018.6094970703125
5115.9453125 1736.3056640625
5518.20556640625 4270.010009765625
6218.02978515625 4012.4080810546875
163.98332977294922 1579.8416748046875
5757.2548828125 3788.994140625
4348.32177734375 4044.561767578125
3880.1724853515625 4054.965576171875
4883.52490234375 1733.7431030273438
4583.78125 4043.4112548828125
6272.925537109375 1733.5896606445312
6226.677490234375 4265.691162109375
5350.979736328125 1734.8753662109375
5586.79248046875 1738.478515625
2417.980712890625 215.1415023803711
5990.140625 3787.7119140625
6257.80908203125 1541.7378540039062
2686.4505615234375 2729.545166015625
4116.6954345703125 4048.5440673828125
5522.454833984375 3792.7545166015625
2699.6956787109375 215.28900146484375
2687.1658935546875 2493.29541015625
1215.6200561523438 4072.630859375
2686.100830078125 1519.6141967773438
6506.957275390625 1735.3013305664062
5286.26123046875 4281.061767578125
4823.619873046875 4286.56884765625
2435.7467041015625 29.53564453125
2696.2618408203125 2963.3248291015625
4118.3404541015625 4303.174560546875
6219.1533203125 3779.6329345703125
1440.911865234375 1567.7442016601562
2689.963134765625 1067.8141479492188
3879.28173828125 4310.114990234375
3215.803955078125 4313.89990234375
5287.3828125 4027.3623046875
2688.1959228515625 2262.850830078125
556.7907257080078 1795.9248657226562
1668.525146484375 1565.9028930664062
987.24755859375 1570.7095947265625
1706.194091796875 4072.3046875
456.33119201660156 3840.8974609375
5294.305419921875 3798.6500244140625
1218.2025146484375 1569.86279296875
2704.2908935546875 3429.385986328125
3643.88037109375 4057.6519775390625
367.35069274902344 1577.8358154296875
2687.1414794921875 843.0906066894531
6045.218505859375 1733.0460205078125
1667.860595703125 1780.2527465820312
4824.077392578125 4035.0447998046875
2680.352783203125 2021.3045043945312
1456.0669555664062 4075.24462890625
2992.4278564453125 4067.7418212890625
1453.6000366210938 3840.2137451171875
965.8594055175781 4075.989013671875
2391.0587158203125 1786.1318969726562
2392.561767578125 1533.397216796875
2190.6099853515625 3841.8206787109375
4650.208984375 1733.2064208984375
6466.206787109375 4267.083740234375
3428.905029296875 4058.764892578125
2961.0643310546875 1748.449951171875
1947.1351318359375 4074.0426025390625
709.1257629394531 3840.0430908203125
2685.35302734375 1784.57275390625
2703.0731201171875 28.222396850585938
4589.12841796875 3812.9305419921875
1949.8514404296875 4324.6640625
1436.7941284179688 1786.8309326171875
3206.345458984375 1741.6508178710938
4824.7744140625 3804.430419921875
4357.998291015625 3819.0860595703125
3933.2513427734375 1734.579345703125
984.7786865234375 1790.36865234375
2198.131591796875 4324.697265625
1210.8493041992188 1790.4979858398438
3690.2904052734375 1731.5283813476562
1695.1640625 3840.08544921875
959.9900817871094 3841.6378173828125
3644.1201171875 4310.107666015625
2996.9425048828125 4316.46435546875
2687.6678466796875 1291.6822509765625
1944.0172119140625 3839.3194580078125
2128.4005126953125 1781.9928588867188
4409.267578125 1737.4468383789062
3449.7529296875 1737.3194580078125
1202.5527954101562 3839.470947265625
3427.8934326171875 4312.75048828125
3210.322509765625 3838.0294189453125
718.7030944824219 4079.5859375
2392.3309326171875 2260.2861328125
2696.7042236328125 3188.5565185546875
6455.539306640625 1534.3323974609375
4120.7845458984375 3823.210205078125
2196.016845703125 4077.12939453125
5062.756591796875 4030.6953125
5062.160888671875 4283.058349609375
6454.884521484375 4011.6563720703125
2393.5606689453125 2013.5651245117188
5063.112548828125 3803.5316162109375
1212.473388671875 4322.739990234375
1705.395263671875 4327.9521484375
2989.3927001953125 3838.4959716796875
199.28694915771484 3846.18212890625
157.15482330322266 1802.5049438476562
4178.20751953125 1733.3455810546875
6455.717529296875 3776.5850830078125
2412.3353271484375 3422.55126953125
1453.6571655273438 4327.169677734375
364.23020935058594 1800.245361328125
2395.8621826171875 846.3710327148438
3687.029052734375 1563.315673828125
2395.525390625 2498.114013671875
3880.52685546875 3826.7950439453125
3447.9783935546875 1563.9553833007812
5117.664794921875 1562.3518676757812
458.3844451904297 4080.9921875
3427.21826171875 3837.776123046875
29.018943786621094 191.05838012695312
3930.9447021484375 1562.2592163085938
5820.451171875 1734.7100830078125
2126.6123046875 1561.5066528320312
4412.3486328125 1561.7463989257812
2396.5775146484375 2748.4151611328125
2407.921630859375 430.3031311035156
749.68994140625 1792.4776000976562
4649.6884765625 1561.31494140625
1901.3169555664062 1562.5828857421875
763.3218383789062 1574.656982421875
4885.24365234375 1551.6300048828125
5826.0234375 1561.5618896484375
3644.9390869140625 3828.9664306640625
2395.5234375 1081.3872680664062
2405.639892578125 2981.1446533203125
4177.39892578125 1562.1321411132812
3207.667236328125 1562.5614624023438
1889.5814208984375 1780.5902099609375
5349.2353515625 1561.5180053710938
2406.8743896484375 3186.4656982421875
5595.15673828125 1561.6154174804688
2396.86962890625 649.1431884765625
2699.6732177734375 422.95033264160156
2959.34375 1562.6864013671875
199.15831756591797 4079.1392822265625
2395.001220703125 1311.8102416992188
6062.9482421875 1550.5867309570312
